[[       0.000238          0.674        210000.                0.99              0.000961         10.                0.521            -1.018
         0.0781          128.042             4.                0.375     ]
 [       0.00601           0.621        147200.                0.998             0.00000152        8.                0.644            -1.82
         0.353           149.852             4.                0.376     ]
 [       0.00193           0.668        196898.                0.968             0.002             7.                0.114            -4.255
         0.277           159.991             4.                0.199     ]
 [       0.000535          0.705        231429.                0.877             0.312             1.                0.124            -3.162
         0.0928          126.011             4.                0.347     ]
 [       0.000869          0.718        261120.                0.919             0.39              2.                0.0935           -3.184
         0.167           125.048             4.                0.308     ]
 [       0.0847            0.545        201000.                0.938             0.00243           5.                0.161            -2.125
         0.402           160.006             4.                0.0431    ]
 [       0.00632           0.481        326800.                0.955             0.0232            8.                0.251            -3.951
         0.265           149.992             4.                0.126     ]
 [       0.0071            0.807        226373.                0.737             0.000233          1.                0.0867           -6.335
         0.358           125.977             4.                0.492     ]
 [       0.133             0.641        215172.                0.962             0.0321            6.                0.652            -2.376
         0.117           144.988             4.                0.623     ]
 [       0.0131            0.819        215077.                0.728             0.798             6.                0.132            -6.561
         0.113           129.999             4.                0.431     ]
 [       0.00353           0.632        158897.                0.993             0.49              9.                0.1              -3.124
         0.116           145.029             4.                0.443     ]
 [       0.00409           0.681        230891.                0.987             0.000854          1.                0.132            -3.962
         0.0704          149.953             4.                0.468     ]
 [       0.026             0.254        265600.                0.798             0.0012            1.                0.165            -4.542
         0.0577          149.774             4.                0.0343    ]
 [       0.0483            0.465        310102.                0.917             0.00456           8.                0.0962           -3.12
         0.187           170.122             4.                0.167     ]
 [       0.0441            0.586        173822.                0.646             0.54              0.                0.11             -6.916
         0.0685          160.017             4.                0.115     ]
 [       0.000851          0.67         143301.                0.992             0.0000013        10.                0.743            -0.3
         0.195           103.                4.                0.341     ]
 [       0.0827            0.908        227467.                0.978             0.00117          11.                0.389            -1.51
         0.306           127.983             4.                0.694     ]
 [       0.0296            0.463        176773.                0.866             0.000554          6.                0.147            -4.04
         0.102           145.156             4.                0.265     ]
 [       0.00224           0.774        226973.                0.895             0.0794           11.                0.804            -3.846
         0.233           106.945             4.                0.542     ]
 [       0.0449            0.526        243320.                0.554             0.0296            1.                0.514            -5.493
         0.0422          154.78              4.                0.0407    ]
 [       0.0204            0.792        211875.                0.956             0.00000384        0.                0.534            -1.41
         0.202           128.007             4.                0.427     ]
 [       0.00332           0.725        174387.                0.98              0.326             1.                0.129            -3.685
         0.147           129.97              4.                0.071     ]
 [       0.0133            0.729        229560.                0.977             0.181             9.                0.138            -1.748
         0.173           144.995             4.                0.518     ]
 [       0.00789           0.53         239493.                0.99              0.00000278        6.                0.121            -2.724
         0.322           169.821             4.                0.402     ]
 [       0.035             0.554        266680.                0.714             0.504             8.                0.233            -7.642
         0.0432          149.985             4.                0.0582    ]
 [       0.00182           0.56         194526.                0.734             0.000508          5.                0.0926           -5.239
         0.0506           94.99              4.                0.378     ]
 [       0.000745          0.755        232500.                0.947             0.811             5.                0.0378           -5.035
         0.0659          127.998             4.                0.401     ]
 [       0.00228           0.561        249182.                0.88              0.328             2.                0.563            -7.539
         0.0867          149.972             4.                0.396     ]
 [       0.000889          0.653        297236.                0.871             0.0229            0.                0.117            -3.535
         0.0407          130.022             4.                0.0976    ]
 [       0.00139           0.747        265846.                0.77              0.436             1.                0.297            -8.381
         0.0483          129.977             4.                0.545     ]
 [       0.000072          0.485        271769.                0.924             0.552             0.                0.976            -4.211
         0.0661          125.814             4.                0.315     ]
 [       0.0151            0.715        224571.                0.78              0.002            10.                0.0849           -5.686
         0.108           139.834             4.                0.639     ]
 [       0.0000132         0.329        276192.                0.836             0.818            10.                0.118            -4.653
         0.0456          171.877             4.                0.117     ]
 [       0.00817           0.725        325714.                0.797             0.0121            0.                0.102            -3.225
         0.0692          112.005             4.                0.217     ]
 [       0.00298           0.66         233143.                0.966             0.297             1.                0.393            -4.333
         0.285           139.916             4.                0.501     ]
 [       0.00692           0.586        248571.                0.74              0.0276            7.                0.332            -5.178
         0.0671          140.093             4.                0.043     ]
 [       0.00321           0.731        362812.                0.889             0.517             6.                0.051            -2.933
         0.0606          127.999             4.                0.35      ]
 [       0.00135           0.761        255238.                0.807             0.686             1.                0.926            -6.525
         0.359           125.965             4.                0.543     ]
 [       0.0000698         0.735        249375.                0.977             0.903            11.                0.124            -7.098
         0.262           127.992             4.                0.0666    ]
 [       0.0655            0.569        277500.                0.842             0.0000212         8.                0.0818           -3.935
         0.0535          139.949             4.                0.78      ]
 [       0.000329          0.449        269651.                0.898             0.404             7.                0.0528           -4.701
         0.0913          172.04              4.                0.112     ]
 [       0.0372            0.734        181714.                0.969             0.194            10.                0.0987           -3.564
         0.0688          140.024             4.                0.226     ]
 [       0.000946          0.686        245625.                0.979             0.7              11.                0.087            -4.076
         0.0722          127.999             4.                0.351     ]
 [       0.000636          0.684        185600.                0.996             0.246             5.                0.4              -4.854
         0.179           150.01              4.                0.117     ]
 [       0.000581          0.739        235714.                0.779             0.0735            5.                0.157            -5.218
         0.224           111.963             4.                0.552     ]
 [       0.0283            0.585        332813.                0.737             0.109             7.                0.109            -5.577
         0.0413          127.975             4.                0.161     ]
 [       0.969             0.352        182135.                0.23              0.931             0.                0.104           -14.572
         0.0468          148.136             4.                0.0367    ]
 [       0.00151           0.611        207857.                0.986             0.409             9.                0.416            -2.049
         0.0643          140.023             4.                0.5       ]
 [       0.00169           0.389        193793.                0.964             0.000355          4.                0.208            -3.269
         0.312            98.134             4.                0.597     ]
 [       0.00298           0.45         239860.                0.915             0.446             5.                0.771            -1.404
         0.236           137.948             4.                0.154     ]
 [       0.000833          0.57         183344.                0.942             0.623            10.                0.27             -3.932
         0.046           145.092             4.                0.343     ]
 [       0.00157           0.64         232617.                0.943             0.212             5.                0.387            -2.25
         0.0611          128.003             4.                0.0978    ]
 [       0.000656          0.463        289900.                0.971             0.804             1.                0.188            -1.785
         0.0537          175.056             4.                0.414     ]
 [       0.000187          0.559        268286.                0.943             0.615             5.                0.141            -2.58
         0.0595          140.019             4.                0.0746    ]
 [       0.047             0.675        223759.                0.963             0.000217          1.                0.185            -2.326
         0.195           110.005             4.                0.339     ]
 [       0.000549          0.579        261550.                0.987             0.811             1.                0.146            -4.165
         0.0802          140.03              4.                0.322     ]
 [       0.00149           0.521        274938.                0.924             0.00208           5.                0.217            -3.814
         0.059           173.998             4.                0.106     ]
 [       0.00128           0.705        238286.                0.982             0.718             1.                0.0725           -2.081
         0.0388          140.024             4.                0.411     ]
 [       0.00192           0.373       1816063.                0.961             0.0409            1.                0.163            -3.182
         0.116           141.256             4.                0.296     ]
 [       0.00608           0.478        379310.                0.976             0.00134           6.                0.691            -1.252
         0.168           174.006             4.                0.333     ]
 [       0.0025            0.709        210857.                0.995             0.0000464        11.                0.528            -0.638
         0.193           139.983             4.                0.462     ]
 [       0.0000418         0.597        330000.                0.971             0.193             5.                0.253            -2.109
         0.0487          127.989             4.                0.245     ]
 [       0.0098            0.394        203835.                0.963             0.317             1.                0.161            -1.54
         0.0821          139.985             4.                0.133     ]
 [       0.000142          0.434        233357.                0.988             0.803             1.                0.0758           -2.037
         0.111           174.07              4.                0.339     ]
 [       0.000757          0.599        219375.                0.993             0.557             1.                0.487            -1.026
         0.107           127.998             4.                0.334     ]
 [       0.000463          0.602        257143.                0.968             0.627             7.                0.466            -1.017
         0.0849          140.004             4.                0.293     ]
 [       0.000822          0.641        288750.                0.992             0.786             1.                0.33             -2.066
         0.0548          127.974             4.                0.6       ]
 [       0.0118            0.637        309268.                0.979             0.00524           1.                0.363            -2.039
         0.0572          140.056             4.                0.431     ]
 [       0.00764           0.697        354000.                0.984             0.0314            5.                0.278            -1.655
         0.0876          127.996             4.                0.209     ]
 [       0.000673          0.517        271874.                0.994             0.823            10.                0.234            -1.48
         0.136           145.034             4.                0.234     ]
 [       0.000413          0.594        257842.                0.967             0.765             1.                0.288            -2.681
         0.0381          149.978             4.                0.471     ]
 [       0.00141           0.797        247962.                0.973             0.3              10.                0.503            -1.496
         0.0628          130.02              4.                0.236     ]
 [       0.00267           0.6          284698.                0.988             0.000384         11.                0.685            -0.635
         0.0558          145.033             4.                0.338     ]
 [       0.000866          0.664        197064.                0.973             0.0000492         6.                0.193            -1.251
         0.0587           99.978             4.                0.521     ]
 [       0.000767          0.592        264000.                0.988             0.707             6.                0.0847           -0.846
         0.0997          149.985             4.                0.251     ]
 [       0.00203           0.701        253091.                0.984             0.0000741         2.                0.126            -1.485
         0.0481          110.057             4.                0.0537    ]
 [       0.016             0.723        271360.                0.802             0.471             5.                0.332            -5.451
         0.0382          110.015             4.                0.873     ]
 [       0.0393            0.736        323986.                0.641             0.872             1.                0.107            -6.108
         0.183           101.041             4.                0.436     ]
 [       0.0178            0.557        261786.                0.704             0.26             11.                0.1              -5.524
         0.145           201.922             4.                0.81      ]
 [       0.0401            0.65         285946.                0.831             0.913            10.                0.102            -7.595
         0.0402          129.993             4.                0.515     ]
 [       0.00103           0.642        367640.                0.826             0.833             5.                0.117            -7.489
         0.0355          109.985             4.                0.631     ]
 [       0.000957          0.699        292364.                0.857             0.84              1.                0.0724           -4.671
         0.0426          110.045             4.                0.35      ]
 [       0.00294           0.773        311746.                0.54              0.843             9.                0.104            -8.177
         0.117           105.975             4.                0.335     ]
 [       0.00489           0.692        324468.                0.802             0.804             7.                0.116            -6.016
         0.111           171.981             4.                0.436     ]
 [       0.238             0.704        247731.                0.589             0.894             6.                0.108            -8.464
         0.0476           95.006             4.                0.102     ]
 [       0.000286          0.557        270528.                0.914             0.822             7.                0.0909           -7.818
         0.0952          171.991             4.                0.311     ]
 [       0.0738            0.569        337440.                0.79              0.813             9.                0.108            -8.804
         0.0339          143.008             4.                0.0396    ]
 [       0.328             0.74         218515.                0.392             0.301             1.                0.111            -9.397
         0.255            99.022             4.                0.229     ]
 [       0.0722            0.625        260023.                0.636             0.675             6.                0.0918           -9.017
         0.36            199.941             4.                0.329     ]
 [       0.0778            0.803        233846.                0.872             0.791            10.                0.0995           -8.338
         0.0466          113.002             4.                0.67      ]
 [       0.319             0.472        399676.                0.376             0.875             0.                0.0999          -13.481
         0.0315          142.023             4.                0.0652    ]
 [       0.0935            0.335        378038.                0.562             0.908             1.                0.129           -10.763
         0.0355          109.964             4.                0.037     ]
 [       0.101             0.524        339554.                0.755             0.877            11.                0.139            -9.437
         0.068           170.054             4.                0.141     ]
 [       0.0121            0.586        424105.                0.723             0.0516            0.                0.693            -8.958
         0.0662          101.988             4.                0.23      ]
 [       0.0751            0.658        245771.                0.581             0.707             7.                0.393           -10.779
         0.0657          124.97              4.                0.326     ]
 [       0.0114            0.693        350109.                0.808             0.686             7.                0.105            -7.206
         0.0585          139.977             4.                0.272     ]
 [       0.0935            0.335        378038.                0.562             0.908             1.                0.129           -10.763
         0.0355          109.964             4.                0.037     ]
 [       0.101             0.524        339554.                0.755             0.877            11.                0.139            -9.437
         0.068           170.054             4.                0.141     ]
 [       0.0121            0.586        424105.                0.723             0.0516            0.                0.693            -8.958
         0.0662          101.988             4.                0.23      ]
 [       0.0751            0.658        245771.                0.581             0.707             7.                0.393           -10.779
         0.0657          124.97              4.                0.326     ]
 [       0.0114            0.693        350109.                0.808             0.686             7.                0.105            -7.206
         0.0585          139.977             4.                0.272     ]
 [       0.00318           0.384         87486.                0.579             0.2               1.                0.711            -5.41
         0.0688          139.533             4.                0.28      ]
 [       0.00476           0.473        254344.                0.638             0.0000168         1.                0.335            -4.572
         0.0809          128.071             4.                0.353     ]
 [       0.11              0.631        262144.                0.747             0.000836          1.                0.145            -4.739
         0.0922          110.027             4.                0.496     ]
 [       0.0131            0.388        288649.                0.761             0.0662           11.                0.365            -5.212
         0.0509          174.02              4.                0.14      ]
 [       0.00326           0.477        198390.                0.901             0.00282           8.                0.514            -5.152
         0.232           140.129             4.                0.753     ]
 [       0.314             0.273         99302.                0.742             0.67              5.                0.25             -5.941
         0.0446          112.184             4.                0.282     ]
 [       0.00397           0.561        308571.                0.756             0.00067           3.                0.615            -5.744
         0.218           127.979             4.                0.337     ]
 [       0.0108            0.602        240857.                0.739             0.00196           4.                0.104            -4.638
         0.39            139.946             4.                0.362     ]
 [       0.0394            0.378        203400.                0.652             0.0151            8.                0.078            -4.71
         0.184           134.622             4.                0.478     ]
 [       0.00115           0.555        251719.                0.872             0.0000126         8.                0.121            -4.086
         0.13            127.875             4.                0.516     ]
 [       0.00526           0.64         264199.                0.623             0.11              5.                0.146            -5.095
         0.0808          139.873             4.                0.329     ]
 [       0.0232            0.604        301620.                0.695             0.00221           5.                0.343            -5.09
         0.112           128.024             4.                0.178     ]
 [       0.0317            0.612        258857.                0.844             0.771             7.                0.379            -5.494
         0.17            175.058             4.                0.418     ]
 [       0.0244            0.229        368571.                0.834             0.000671          0.                0.15             -4.205
         0.0703          140.071             4.                0.285     ]
 [       0.679             0.322        120000.                0.456             0.687             1.                0.675            -8.739
         0.0536          109.417             3.                0.124     ]
 [       0.0157            0.372       3506572.                0.735             0.00594           6.                0.778            -5.012
         0.191           140.174             4.                0.26      ]
 [       0.00298           0.372         87486.                0.577             0.315             1.                0.722            -5.402
         0.0751          140.446             4.                0.272     ]
 [       0.00478           0.466        254344.                0.642             0.0000165         1.                0.335            -4.571
         0.0839          127.964             4.                0.357     ]
 [       0.115             0.631        262144.                0.752             0.00109           1.                0.146            -4.745
         0.0927          110.03              4.                0.494     ]
 [       0.013             0.342        288649.                0.757             0.0479           11.                0.37             -5.218
         0.0615          173.989             4.                0.13      ]
 [       0.00322           0.474        198390.                0.903             0.00342           8.                0.514            -5.147
         0.219           140.114             4.                0.752     ]
 [       0.294             0.279         99302.                0.744             0.697             1.                0.249            -5.941
         0.0461          117.688             4.                0.277     ]
 [       0.00379           0.566        308571.                0.757             0.000688          3.                0.615            -5.738
         0.205           127.973             4.                0.335     ]
 [       0.0109            0.579        240857.                0.737             0.00212           4.                0.104            -4.644
         0.396           139.855             4.                0.336     ]
 [       0.0394            0.378        203400.                0.66              0.0224            8.                0.081            -4.711
         0.197           134.337             4.                0.498     ]
 [       0.00117           0.555        251719.                0.871             0.0000142         8.                0.121            -4.086
         0.13            127.87              4.                0.523     ]
 [       0.00535           0.607        264199.                0.625             0.114             5.                0.145            -5.101
         0.0902          139.811             4.                0.33      ]
 [       0.024             0.603        301620.                0.693             0.00198           5.                0.339            -5.091
         0.122           127.99              4.                0.18      ]
 [       0.0316            0.606        258857.                0.847             0.748             7.                0.367            -5.489
         0.168           175.079             4.                0.412     ]
 [       0.0245            0.229        368571.                0.838             0.000702          0.                0.141            -4.2
         0.0721          140.03              4.                0.286     ]
 [       0.676             0.362        120000.                0.458             0.736             1.                0.681            -8.715
         0.0536          109.489             5.                0.119     ]
 [       0.0157            0.372       3506572.                0.735             0.00594           6.                0.778            -5.012
         0.191           140.174             4.                0.26      ]
 [       0.000221          0.671        268800.                0.914             0.725             1.                0.827            -1.078
         0.135           150.077             4.                0.329     ]
 [       0.000312          0.445        224438.                0.996             0.691             9.                0.44             -2.479
         0.126           150.148             4.                0.58      ]
 [       0.00137           0.524        232529.                0.956             0.563             6.                0.114            -2.836
         0.383           127.891             4.                0.539     ]
 [       0.00404           0.618        237257.                0.667             0.0542            1.                0.268            -5.936
         0.292           174.95              4.                0.292     ]
 [       0.0118            0.443        204001.                0.883             0.000195         10.                0.567            -6.123
         0.235           140.007             4.                0.286     ]
 [       0.0132            0.652        209455.                0.9               0.515             5.                0.149            -5.427
         0.165           150.029             4.                0.643     ]
 [       0.0193            0.496        220744.                0.798             0.0036            8.                0.0973           -5.15
         0.0735          150.02              4.                0.0988    ]
 [       0.0786            0.61         291840.                0.903             0.                5.                0.166            -3.386
         0.0531          145.047             4.                0.689     ]
 [       0.00663           0.563        235520.                0.884             0.00288           1.                0.196            -4.538
         0.297            79.936             4.                0.471     ]
 [       0.00198           0.504        212000.                0.95              0.0329            4.                0.117            -1.592
         0.0518           75.053             4.                0.587     ]
 [       0.000154          0.603        278357.                0.801             0.311             2.                0.07             -7.116
         0.0506          140.044             4.                0.139     ]
 [       0.0335            0.593        208000.                0.937             0.               11.                0.0914           -3.684
         0.466            74.996             4.                0.271     ]
 [       0.0224            0.49         208000.                0.991             0.204             5.                0.46             -1.498
         0.274           150.044             4.                0.351     ]
 [       0.00183           0.577        236913.                0.919             0.000544          7.                0.09             -1.748
         0.0353          149.938             4.                0.422     ]
 [       0.0223            0.624        178320.                0.971             0.818             1.                0.148            -3.069
         0.0748          150.079             4.                0.641     ]
 [       0.0143            0.502        268000.                0.869             0.00691           5.                0.291            -3.899
         0.0981          150.119             4.                0.409     ]
 [       0.00181           0.62         219183.                0.899             0.                1.                0.0941           -2.364
         0.223            87.54              4.                0.768     ]
 [       0.011             0.249        248276.                0.886             0.165             5.                0.38             -2.562
         0.232            73.188             4.                0.045     ]
 [       0.000173          0.566        196680.                0.778             0.886             9.                0.0841           -4.762
         0.0811           74.987             4.                0.398     ]
 [       0.0126            0.808        220976.                0.56              0.                7.                0.0675           -4.291
         0.0936           81.985             4.                0.313     ]
 [       0.00652           0.567        211200.                0.93              0.109             1.                0.176            -5.373
         0.412            75.067             4.                0.261     ]
 [       0.00405           0.692        207407.                0.94              0.481             1.                0.0683           -3.796
         0.0789          161.982             4.                0.43      ]
 [       0.000707          0.558        225000.                0.974             0.0346           11.                0.364            -2.439
         0.136           149.985             4.                0.305     ]
 [       0.00211           0.76         223840.                0.845             0.0337            4.                0.224            -4.364
         0.232            74.984             4.                0.348     ]
 [       0.0234            0.534        188960.                0.983             0.0267            5.                0.439            -4.31
         0.283           145.04              3.                0.347     ]
 [       0.00444           0.483        213100.                0.844             0.0156            6.                0.256            -3.829
         0.448           139.439             4.                0.533     ]
 [       0.0221            0.591        244000.                0.942             0.0000682        11.                0.326            -2.703
         0.35            149.808             4.                0.604     ]
 [       0.000529          0.485        304660.                0.879             0.0000214         5.                0.156            -4.575
         0.215           149.817             4.                0.504     ]
 [       0.0227            0.582        219000.                0.975             0.0211            1.                0.137            -1.906
         0.0636           80.018             4.                0.818     ]
 [       0.000251          0.665        248515.                0.968             0.878             1.                0.814            -4.769
         0.0611          128.093             4.                0.557     ]
 [       0.0141            0.733        218100.                0.901             0.000191          5.                0.067            -2.832
         0.357            74.996             4.                0.471     ]
 [       0.11              0.566        166357.                0.977             0.516             8.                0.373            -5.405
         0.144           180.121             4.                0.633     ]
 [       0.00305           0.708        216000.                0.981             0.62              6.                0.323            -3.535
         0.0629          109.999             4.                0.299     ]
 [       0.000127          0.386        298000.                0.775             0.418             2.                0.0693           -4.999
         0.055           140.011             4.                0.265     ]
 [       0.000382          0.511        265116.                0.853             0.614             0.                0.349            -3.952
         0.0472          171.98              4.                0.0484    ]
 [       0.293             0.755        199462.                0.713             0.472             5.                0.0833           -7.24
         0.0969          103.963             4.                0.604     ]
 [       0.0846            0.578        269800.                0.943             0.00313          11.                0.0969           -2.628
         0.0676           99.968             4.                0.489     ]
 [       0.00249           0.354        270000.                0.851             0.405             4.                0.265            -4.582
         0.0842          124.008             4.                0.224     ]
 [       0.0086            0.306        484415.                0.657             0.308             5.                0.108            -7.92
         0.0416           87.932             4.                0.327     ]
 [       0.00776           0.671        280503.                0.835             0.876            10.                0.123           -10.022
         0.0442          125.019             4.                0.754     ]
 [       0.0346            0.693        346096.                0.55              0.564            10.                0.109           -14.042
         0.0451          105.005             4.                0.3       ]
 [       0.0664            0.759        410175.                0.687             0.862             0.                0.108            -7.265
         0.0501          115.007             4.                0.582     ]
 [       0.307             0.761        240170.                0.582             0.745             5.                0.105           -11.873
         0.088            89.994             4.                0.668     ]
 [       0.264             0.561        217208.                0.635             0.946             5.                0.139           -10.288
         0.0357           80.                4.                0.329     ]
 [       0.0103            0.552        386273.                0.567             0.6               9.                0.22             -9.853
         0.0331          174.003             4.                0.173     ]
 [       0.881             0.533        373420.                0.644             0.957             0.                0.0871          -11.679
         0.038            90.                4.                0.693     ]
 [       0.722             0.653        402129.                0.43              0.889             8.                0.208           -13.134
         0.0249          109.947             4.                0.358     ]
 [       0.0889            0.455       3150276.                0.598             0.802             8.                0.152            -9.874
         0.0435          111.482             4.                0.287     ]
 [       0.0141            0.733        218100.                0.901             0.000191          5.                0.067            -2.832
         0.357            74.996             4.                0.471     ]
 [       0.000218          0.523        198400.                0.916             0.677             6.                0.305            -1.061
         0.0407           74.924             4.                0.309     ]
 [       0.0000653         0.587        180800.                0.992             0.796             1.                0.0677           -0.642
         0.0906           75.026             4.                0.0333    ]
 [       0.00198           0.504        212000.                0.95              0.0329            4.                0.117            -1.592
         0.0518           75.053             4.                0.587     ]
 [       0.000466          0.631        192006.                0.994             0.784             1.                0.39             -2.074
         0.132           150.026             4.                0.385     ]
 [       0.0301            0.689        211220.                0.982             0.000241          1.                0.0822           -2.221
         0.712           149.951             4.                0.281     ]
 [       0.00073           0.574        198415.                0.995             0.339             6.                0.313            -0.928
         0.335           150.001             4.                0.113     ]
 [       0.0012            0.596        231740.                0.98              0.368             7.                0.345            -2.894
         0.0746          174.001             4.                0.482     ]
 [       0.00866           0.529        185600.                0.995             0.0725            6.                0.116            -4.264
         0.129            74.981             4.                0.211     ]
 [       0.00164           0.672        273756.                0.937             0.143             1.                0.299            -4.444
         0.0595          128.043             4.                0.151     ]
 [       0.000149          0.558        211200.                0.988             0.901             1.                0.108            -2.79
         0.138           150.018             4.                0.299     ]
 [       0.0036            0.565        185600.                0.94              0.0219            6.                0.367            -1.333
         0.296            74.808             4.                0.316     ]
 [       0.136             0.812        243200.                0.952             0.191             6.                0.315            -4.288
         0.113           149.993             4.                0.383     ]
 [       0.000252          0.741        301714.                0.946             0.0166           11.                0.166            -1.321
         0.249           140.151             4.                0.225     ]
 [       0.00637           0.72         248512.                0.969             0.0401            6.                0.126            -2.52
         0.113           140.03              4.                0.284     ]
 [       0.00317           0.755        193286.                0.998             0.287             7.                0.0662           -2.389
         0.0997          139.996             4.                0.603     ]
 [       0.00838           0.673        183429.                0.965             0.392             4.                0.142            -3.355
         0.149           140.007             4.                0.116     ]
 [       0.0159            0.643        234000.                0.973             0.0000106         5.                0.57             -2.139
         0.0698          140.004             4.                0.0925    ]
 [       0.0414            0.478        224000.                0.917             0.0000104         8.                0.134            -5.417
         0.23            140.27              4.                0.1       ]
 [       0.000766          0.424        219750.                0.922             0.00817           2.                0.362            -3.582
         0.148           173.954             4.                0.191     ]
 [       0.00063           0.648        274247.                0.917             0.00896           8.                0.446            -3.383
         0.0698          127.974             4.                0.398     ]
 [       0.164             0.725        244002.                0.784             0.884             7.                0.203            -5.956
         0.0774          139.988             4.                0.473     ]
 [       0.000928          0.543        269997.                0.916             0.000435          9.                0.125            -3.329
         0.187           173.826             4.                0.571     ]
 [       0.00788           0.689        230002.                0.862             0.0000147         1.                0.217            -3.781
         0.0535          140.027             4.                0.268     ]
 [       0.0001            0.455        229999.                0.988             0.0146            2.                0.761            -4.194
         0.181           173.965             4.                0.463     ]
 [       0.0725            0.556        243501.                0.932             0.117             0.                0.802            -3.959
         0.124            86.932             4.                0.5       ]
 [       0.000515          0.444        233002.                0.889             0.006             7.                0.0763           -5.069
         0.105           173.864             4.                0.318     ]
 [       0.00162           0.401        331501.                0.859             0.00285           0.                0.232            -5.267
         0.0496          140.059             4.                0.096     ]
 [       0.000606          0.499        258001.                0.949             0.000521          1.                0.441            -3.179
         0.24            174.046             4.                0.476     ]
 [       0.000571          0.523        240854.                0.993             0.                9.                0.083            -2.939
         0.363           139.555             4.                0.373     ]
 [       0.0414            0.478        224000.                0.917             0.0000104         8.                0.134            -5.417
         0.23            140.27              4.                0.1       ]
 [       0.000766          0.424        219750.                0.922             0.00817           2.                0.362            -3.582
         0.148           173.954             4.                0.191     ]
 [       0.00063           0.648        274247.                0.917             0.00896           8.                0.446            -3.383
         0.0698          127.974             4.                0.398     ]
 [       0.164             0.725        244002.                0.784             0.884             7.                0.203            -5.956
         0.0774          139.988             4.                0.473     ]
 [       0.000928          0.543        269997.                0.916             0.000435          9.                0.125            -3.329
         0.187           173.826             4.                0.571     ]
 [       0.00788           0.689        230002.                0.862             0.0000147         1.                0.217            -3.781
         0.0535          140.027             4.                0.268     ]
 [       0.0001            0.455        229999.                0.988             0.0146            2.                0.761            -4.194
         0.181           173.965             4.                0.463     ]
 [       0.0725            0.556        243501.                0.932             0.117             0.                0.802            -3.959
         0.124            86.932             4.                0.5       ]
 [       0.000515          0.444        233002.                0.889             0.006             7.                0.0763           -5.069
         0.105           173.864             4.                0.318     ]
 [       0.00162           0.401        331501.                0.859             0.00285           0.                0.232            -5.267
         0.0496          140.059             4.                0.096     ]
 [       0.000606          0.499        258001.                0.949             0.000521          1.                0.441            -3.179
         0.24            174.046             4.                0.476     ]
 [       0.000571          0.523        240854.                0.993             0.                9.                0.083            -2.939
         0.363           139.555             4.                0.373     ]
 [       0.0414            0.478        224000.                0.917             0.0000104         8.                0.134            -5.417
         0.23            140.27              4.                0.1       ]
 [       0.000766          0.424        219750.                0.922             0.00817           2.                0.362            -3.582
         0.148           173.954             4.                0.191     ]
 [       0.00063           0.648        274247.                0.917             0.00896           8.                0.446            -3.383
         0.0698          127.974             4.                0.398     ]
 [       0.164             0.725        244002.                0.784             0.884             7.                0.203            -5.956
         0.0774          139.988             4.                0.473     ]
 [       0.000928          0.543        269997.                0.916             0.000435          9.                0.125            -3.329
         0.187           173.826             4.                0.571     ]
 [       0.00788           0.689        230002.                0.862             0.0000147         1.                0.217            -3.781
         0.0535          140.027             4.                0.268     ]
 [       0.0001            0.455        229999.                0.988             0.0146            2.                0.761            -4.194
         0.181           173.965             4.                0.463     ]
 [       0.0725            0.556        243501.                0.932             0.117             0.                0.802            -3.959
         0.124            86.932             4.                0.5       ]
 [       0.000515          0.444        233002.                0.889             0.006             7.                0.0763           -5.069
         0.105           173.864             4.                0.318     ]
 [       0.00162           0.401        331501.                0.859             0.00285           0.                0.232            -5.267
         0.0496          140.059             4.                0.096     ]
 [       0.000606          0.499        258001.                0.949             0.000521          1.                0.441            -3.179
         0.24            174.046             4.                0.476     ]
 [       0.000571          0.523        240854.                0.993             0.                9.                0.083            -2.939
         0.363           139.555             4.                0.373     ]
 [       0.0157            0.276        268480.                0.841             0.00456           7.                0.0775           -5.821
         0.0969          139.93              4.                0.0907    ]
 [       0.0163            0.584        256627.                0.887             0.                7.                0.136            -6.976
         0.117           128.078             4.                0.338     ]
 [       0.00529           0.548        253093.                0.683             0.00000571        4.                0.323            -7.756
         0.257           140.241             4.                0.355     ]
 [       0.000194          0.361        226613.                0.785             0.0000114         0.                0.115            -6.294
         0.105           136.837             4.                0.436     ]
 [       0.0106            0.452        251467.                0.723             0.                1.                0.081            -6.596
         0.0763          140.007             4.                0.148     ]
 [       0.00122           0.425        182160.                0.898             0.51              8.                0.141            -7.74
         0.461           173.744             4.                0.221     ]
 [       0.00878           0.386        280733.                0.548             0.115             6.                0.139            -8.074
         0.033           139.764             4.                0.35      ]
 [       0.00272           0.564        266213.                0.825             0.0000555         7.                0.357            -7.705
         0.264           139.7               4.                0.506     ]
 [       0.00884           0.387        236800.                0.505             0.00000911        9.                0.0797           -8.396
         0.0481          139.891             4.                0.214     ]
 [       0.00407           0.314        271987.                0.726             0.106             3.                0.0895           -6.805
         0.0509          174.079             4.                0.0813    ]
 [       0.0000882         0.317        252347.                0.726             0.0249            8.                0.0845           -6.375
         0.0436          139.797             4.                0.205     ]
 [       0.000626          0.659        250880.                0.828             0.000189          6.                0.786            -7.241
         0.099           140.026             4.                0.221     ]
 [       0.0609            0.586        233667.                0.663             0.                1.                0.081            -7.249
         0.0878           69.795             4.                0.23      ]
 [       0.00187           0.521        225573.                0.635             0.00019           6.                0.0988          -10.077
         0.0554          140.202             4.                0.162     ]
 [       0.00986           0.483        219507.                0.422             0.00658           7.                0.0685          -12.204
         0.0354          140.002             4.                0.18      ]
 [       0.0167            0.319        268480.                0.831             0.00498           7.                0.0801           -5.822
         0.0867          139.691             4.                0.0932    ]
 [       0.0146            0.589        256627.                0.888             0.                7.                0.136            -6.971
         0.107           128.044             4.                0.344     ]
 [       0.00556           0.531        253093.                0.688             0.00000978        4.                0.323            -7.779
         0.269           140.287             4.                0.34      ]
 [       0.000195          0.356        226613.                0.795             0.00000745        0.                0.115            -6.311
         0.104           140.083             4.                0.44      ]
 [       0.0104            0.461        251467.                0.734             0.                5.                0.0807           -6.61
         0.0782          140.067             4.                0.166     ]
 [       0.00118           0.555        182160.                0.894             0.632             6.                0.14             -7.737
         0.31             86.892             4.                0.223     ]
 [       0.00802           0.326        280733.                0.546             0.0769            6.                0.139            -8.085
         0.0331          140.023             4.                0.357     ]
 [       0.00229           0.594        266213.                0.825             0.0000318         7.                0.356            -7.703
         0.246           139.916             4.                0.508     ]
 [       0.00932           0.443        236800.                0.508             0.0000149         9.                0.0852           -8.359
         0.0445          140.091             4.                0.215     ]
 [       0.00393           0.313        271987.                0.726             0.0727            6.                0.0908           -6.786
         0.0544          174.088             4.                0.092     ]
 [       0.0000986         0.293        252347.                0.735             0.0104            8.                0.0842           -6.387
         0.0442          139.683             4.                0.238     ]
 [       0.000635          0.658        250880.                0.831             0.000236          6.                0.785            -7.242
         0.0869          140.036             4.                0.24      ]
 [       0.0618            0.495        233667.                0.657             0.                1.                0.0847           -7.236
         0.121            66.54              4.                0.219     ]
 [       0.00178           0.519        225573.                0.63              0.000197          6.                0.0984          -10.077
         0.0562          140.266             4.                0.155     ]
 [       0.00903           0.393        219507.                0.427             0.00524           7.                0.0666          -12.119
         0.0363          140.043             4.                0.176     ]
 [       0.000368          0.539        250930.                0.983             0.0014            0.                0.51             -2.969
         0.264           175.075             4.                0.0485    ]
 [       0.00143           0.583        218607.                0.977             0.0124            1.                0.207            -2.778
         0.0897          150.007             4.                0.182     ]
 [       0.0187            0.588        243200.                0.961             0.0166            5.                0.193            -2.968
         0.266           150.042             4.                0.211     ]
 [       0.0301            0.664        260821.                0.946             0.0585            6.                0.155            -3.427
         0.0732           74.922             4.                0.101     ]
 [       0.0137            0.438        251031.                0.861             0.0283           11.                0.0814           -1.999
         0.164            99.967             4.                0.136     ]
 [       0.00156           0.525        216007.                0.889             0.736             1.                0.222            -4.104
         0.0625          140.099             4.                0.136     ]
 [       0.00115           0.721        264000.                0.979             0.603            11.                0.288            -2.179
         0.0665          140.031             4.                0.264     ]
 [       0.000259          0.707        236571.                0.924             0.252            11.                0.178            -3.485
         0.111           140.14              4.                0.265     ]
 [       0.000326          0.548        274286.                0.905             0.36              8.                0.26             -3.935
         0.0397          139.968             4.                0.231     ]
 [       0.086             0.819        228429.                0.896             0.0567            1.                0.127            -5.102
         0.037           140.022             4.                0.272     ]
 [       0.002             0.688        272182.                0.944             0.155             0.                0.119            -3.904
         0.0677          110.007             4.                0.106     ]
 [       0.0000372         0.579        224464.                0.961             0.788             1.                0.0927           -4.258
         0.0694          104.977             3.                0.347     ]
 [       0.000268          0.66         227442.                0.976             0.804             9.                0.0786           -2.307
         0.102           172.109             4.                0.066     ]
 [       0.000101          0.605        427500.                0.9               0.592             6.                0.219            -3.785
         0.036           128.028             4.                0.258     ]
 [       0.0121            0.534        264000.                0.947             0.0414            7.                0.12             -3.949
         0.268           139.98              4.                0.108     ]
 [       0.0000131         0.544        252000.                0.954             0.593            11.                0.103            -3.296
         0.0327          140.016             4.                0.343     ]
 [       0.00115           0.721        264000.                0.979             0.603            11.                0.288            -2.179
         0.0665          140.031             4.                0.264     ]
 [       0.000259          0.707        236571.                0.924             0.252            11.                0.178            -3.485
         0.111           140.14              4.                0.265     ]
 [       0.000326          0.548        274286.                0.905             0.36              8.                0.26             -3.935
         0.0397          139.968             4.                0.231     ]
 [       0.086             0.819        228429.                0.896             0.0567            1.                0.127            -5.102
         0.037           140.022             4.                0.272     ]
 [       0.002             0.688        272182.                0.944             0.155             0.                0.119            -3.904
         0.0677          110.007             4.                0.106     ]
 [       0.0000372         0.579        224464.                0.961             0.788             1.                0.0927           -4.258
         0.0694          104.977             3.                0.347     ]
 [       0.000268          0.66         227442.                0.976             0.804             9.                0.0786           -2.307
         0.102           172.109             4.                0.066     ]
 [       0.0000999         0.605        427500.                0.901             0.618             6.                0.219            -3.79
         0.0359          128.019             4.                0.261     ]
 [       0.0121            0.534        264000.                0.947             0.0414            7.                0.12             -3.949
         0.268           139.98              4.                0.108     ]
 [       0.0000131         0.544        252000.                0.954             0.593            11.                0.103            -3.296
         0.0327          140.016             4.                0.343     ]
 [       0.0016            0.561        224651.                0.891             0.235             1.                0.323            -4.047
         0.108           172.019             4.                0.394     ]
 [       0.00256           0.827        224143.                0.716             0.                0.                0.0738           -4.267
         0.257            70.051             4.                0.331     ]
 [       0.0194            0.512        214286.                0.792             0.00066           9.                0.135            -3.816
         0.104           139.942             4.                0.0491    ]
 [       0.00274           0.73         225600.                0.929             0.23              1.                0.0695           -3.988
         0.106           100.032             4.                0.458     ]
 [       0.0021            0.549        282857.                0.893             0.00133          10.                0.0782           -4.225
         0.171           140.024             4.                0.271     ]
 [       0.00118           0.839        275455.                0.977             0.613             9.                0.0884           -2.514
         0.151           109.99              4.                0.136     ]
 [       0.00208           0.579        277714.                0.847             0.0275            2.                0.364            -3.991
         0.0428          140.033             4.                0.146     ]
 [       0.00212           0.543        238768.                0.944             0.00471          10.                0.122            -4.551
         0.0629          139.955             4.                0.307     ]
 [       0.0000575         0.552        253792.                0.974             0.113             5.                0.498            -3.109
         0.0759          139.96              4.                0.41      ]
 [       0.000887          0.615        270715.                0.937             0.663             8.                0.0545           -5.19
         0.138           172.079             4.                0.262     ]
 [       0.000843          0.473        264848.                0.993             0.854             1.                0.289            -4.387
         0.0958          140.007             4.                0.253     ]
 [       0.000427          0.492        292165.                0.866             0.204             0.                0.091            -5.19
         0.0396           69.991             4.                0.245     ]
 [       0.000991          0.496        275003.                0.93              0.0125            7.                0.157            -2.899
         0.0431          140.119             4.                0.186     ]
 [       0.0000152         0.511        272277.                0.953             0.348             4.                0.144            -3.86
         0.0877          171.954             4.                0.384     ]
 [       0.000111          0.706        301264.                0.908             0.872            10.                0.0678           -3.376
         0.0365          110.042             4.                0.639     ]
 [       0.00154           0.546        257936.                0.877             0.123             5.                0.0653           -5.247
         0.255           140.019             4.                0.306     ]
 [       0.000188          0.606        271840.                0.85              0.185             1.                0.0747           -4.69
         0.0863          139.952             4.                0.2       ]
 [       0.00373           0.635        326139.                0.951             0.00638           6.                0.301            -4.77
         0.105           140.049             4.                0.523     ]
 [       0.00109           0.55         366946.                0.933             0.254             5.                0.265            -4.65
         0.114           173.973             4.                0.372     ]
 [       0.00799           0.661        127360.                0.863             0.485             9.                0.276            -3.62
         0.0352          125.084             4.                0.909     ]
 [       0.000913          0.815        220907.                0.594             0.0714            0.                0.0477           -7.547
         0.0533          127.995             4.                0.512     ]
 [       0.00679           0.578        183493.                0.786             0.657             5.                0.222            -3.485
         0.099           170.023             4.                0.759     ]
 [       0.24              0.8          186080.                0.869             0.00987           9.                0.0829           -3.705
         0.151           128.999             4.                0.397     ]
 [       0.0023            0.878        212027.                0.89              0.512             2.                0.0758           -5.253
         0.055           127.964             4.                0.628     ]
 [       0.197             0.885        180200.                0.835             0.0000213         9.                0.175            -3.238
         0.142           125.027             4.                0.846     ]
 [       0.0262            0.752        106840.                0.905             0.044             9.                0.767            -4.283
         0.184           107.987             4.                0.636     ]
 [       0.0237            0.644        219907.                0.774             0.00000246        5.                0.356            -4.418
         0.266           128.009             4.                0.675     ]
 [       0.0209            0.769        194213.                0.802             0.00146           5.                0.126            -3.911
         0.0606          145.029             4.                0.411     ]
 [       0.00435           0.759        239947.                0.676             0.391             2.                0.122            -3.399
         0.0337          128.001             4.                0.111     ]
 [       0.00551           0.759        196467.                0.892             0.0158            4.                0.0498           -4.965
         0.0947          100.015             4.                0.495     ]
 [       0.000379          0.807        215520.                0.726             0.06              9.                0.0494           -3.308
         0.0474          125.979             4.                0.774     ]
 [       0.00851           0.567        206897.                0.742             0.046             2.                0.154            -7.232
         0.035           144.95              4.                0.531     ]
 [       0.00144           0.569        272493.                0.703             0.00178           2.                0.174            -5.636
         0.0293          100.003             4.                0.037     ]
 [       0.000991          0.522        229859.                0.943             0.753            11.                0.0253           -3.406
         0.0403          142.022             4.                0.687     ]
 [       0.00393           0.69         244364.                0.761             0.00281           7.                0.0678           -3.92
         0.0931          110.027             4.                0.623     ]
 [       0.000235          0.631        294375.                0.887             0.0602            9.                0.236            -3.659
         0.43            127.983             4.                0.631     ]
 [       0.00891           0.563        196114.                0.818             0.0676            7.                0.543            -4.276
         0.0815          175.054             4.                0.397     ]
 [       0.00348           0.772        243750.                0.835             0.13              9.                0.114            -3.916
         0.0553          127.977             4.                0.206     ]
 [       0.000997          0.481        225103.                0.91              0.00584          11.                0.0778           -5.132
         0.0564          145.053             4.                0.358     ]
 [       0.000697          0.693        279685.                0.663             0.612             7.                0.0643           -2.815
         0.0414          127.006             4.                0.882     ]
 [       0.0132            0.58         319826.                0.925             0.00188           2.                0.286            -2.618
         0.0399          115.01              4.                0.528     ]
 [       0.000944          0.609        301241.                0.817             0.701             7.                0.0929           -3.817
         0.0334          145.021             4.                0.0853    ]
 [       0.000524          0.785        221250.                0.873             0.021             0.                0.216            -2.204
         0.188           127.994             4.                0.523     ]
 [       0.00017           0.616        229859.                0.925             0.0601            2.                0.113            -4.044
         0.0483          142.023             4.                0.567     ]
 [       0.00337           0.45         349797.                0.508             0.758             1.                0.107            -8.491
         0.0954          124.906             4.                0.362     ]
 [       0.00247           0.657        248276.                0.847             0.0325            9.                0.105            -6.435
         0.0417          144.937             4.                0.291     ]
 [       0.000876          0.462        266483.                0.849             0.668             2.                0.52             -6.071
         0.0304          145.068             4.                0.0696    ]
 [       0.00123           0.494        222167.                0.811             0.862             9.                0.344            -5.404
         0.0487          180.129             4.                0.463     ]
 [       0.00145           0.559        310389.                0.756             0.701            11.                0.065            -7.761
         0.052           141.453             4.                0.0971    ]
 [       0.0000747         0.753        198750.                0.523             0.0551            2.                0.0718           -6.315
         0.038           128.028             4.                0.426     ]
 [       0.0839            0.597        251586.                0.787             0.0504            5.                0.114            -6.124
         0.0463          145.086             4.                0.156     ]
 [       0.0000629         0.507        248333.                0.909             0.506             2.                0.406            -6.108
         0.0549          144.101             4.                0.311     ]
 [       0.00225           0.543        152276.                0.927             0.245             9.                0.371            -5.396
         0.057           145.082             4.                0.209     ]
 [       0.00814           0.554        200000.                0.978             0.92              6.                0.117            -4.435
         0.0386          162.055             4.                0.708     ]
 [       0.0742            0.744        178286.                0.9               0.312             9.                0.121            -3.973
         0.117           140.021             4.                0.286     ]
 [       0.401             0.326        311480.                0.381             0.000188          2.                0.143            -9.783
         0.0321           94.049             4.                0.205     ]
 [       0.643             0.541        275707.                0.657             0.00000219        0.                0.0878           -4.952
         0.0514          126.056             4.                0.391     ]
 [       0.689             0.351        341827.                0.409             0.000174         11.                0.0926           -8.526
         0.0313          134.185             4.                0.218     ]
 [       0.271             0.448        330493.                0.509             0.00015           9.                0.0874           -8.186
         0.0379          122.508             4.                0.188     ]
 [       0.543             0.359        331107.                0.489             0.0000122         5.                0.47             -7.134
         0.0355          130.134             3.                0.243     ]
 [       0.08              0.264        467720.                0.553             0.0208            0.                0.34             -8.094
         0.0541           71.265             3.                0.0736    ]
 [       0.754             0.352        358707.                0.288             0.000757         10.                0.12             -9.182
         0.0288           77.849             4.                0.194     ]
 [       0.000954          0.542        271794.                0.76              0.272             0.                0.686            -4.697
         0.0362          117.041             4.                0.0544    ]
 [       0.00154           0.187        210157.                0.968             0.424            11.                0.107            -3.906
         0.28             84.762             4.                0.217     ]
 [       0.0652            0.224        242273.                0.87              0.8               6.                0.15             -3.607
         0.0681           98.981             1.                0.149     ]
 [       0.0279            0.635        214839.                0.861             0.                6.                0.0496           -4.049
         0.0595          123.978             4.                0.366     ]
 [       0.441             0.521        249730.                0.715             0.00345           6.                0.125            -5.755
         0.0274          147.997             4.                0.495     ]
 [       0.00362           0.501        440625.                0.803             0.832            11.                0.739            -7.481
         0.0693          127.985             4.                0.0769    ]
 [       0.0312            0.541        312610.                0.803             0.0022            3.                0.94             -5.077
         0.0501          122.001             4.                0.0579    ]
 [       0.00308           0.455        243871.                0.957             0.298             7.                0.19             -4.233
         0.132           123.952             4.                0.0404    ]
 [       0.000335          0.243        241714.                0.859             0.859             5.                0.0876           -3.239
         0.0456          139.936             4.                0.24      ]
 [       0.000374          0.244        254989.                0.684             0.00393           0.                0.0703           -5.765
         0.0427          122.577             4.                0.0419    ]
 [       0.000501          0.384        220500.                0.84              0.0062            5.                0.158            -3.476
         0.0486          150.063             4.                0.0706    ]
 [       0.054             0.217        293739.                0.59              0.00495          11.                0.0582           -5.927
         0.0373          107.41              4.                0.233     ]
 [       0.00106           0.54         271794.                0.778             0.183             0.                0.581            -4.693
         0.038           117.02              4.                0.0499    ]
 [       0.00151           0.393        210157.                0.962             0.313            11.                0.11             -3.969
         0.154           152.155             4.                0.258     ]
 [       0.0578            0.251        242273.                0.858             0.673             9.                0.148            -3.647
         0.0651          132.073             4.                0.17      ]
 [       0.0303            0.652        214839.                0.861             0.                6.                0.0561           -4.074
         0.0552          124.016             4.                0.376     ]
 [       0.456             0.519        249730.                0.71              0.00466           6.                0.129            -5.746
         0.0269          148.008             4.                0.503     ]
 [       0.00359           0.496        440625.                0.81              0.805            11.                0.741            -7.496
         0.0684          127.977             4.                0.075     ]
 [       0.034             0.546        312610.                0.798             0.00315          10.                0.939            -5.081
         0.048           121.991             4.                0.0607    ]
 [       0.00359           0.499        243871.                0.959             0.421             7.                0.193            -4.223
         0.127           124.04              4.                0.0436    ]
 [       0.000338          0.264        241714.                0.865             0.86              5.                0.0925           -3.224
         0.0451          139.653             4.                0.211     ]
 [       0.000402          0.441        254989.                0.694             0.00509           0.                0.0705           -5.808
         0.0383          128.091             4.                0.0393    ]
 [       0.000503          0.341        220500.                0.834             0.00685           5.                0.175            -3.476
         0.0534          149.511             4.                0.0634    ]
 [       0.0627            0.22         293739.                0.564             0.00884          11.                0.0586           -5.908
         0.0379          108.023             4.                0.207     ]
 [       0.857             0.615        240280.                0.317             0.0016            2.                0.0555          -11.86
         0.0331          134.232             4.                0.681     ]
 [       0.948             0.452        239307.                0.0469            0.000195          0.                0.113           -20.98
         0.0581          132.656             4.                0.205     ]
 [       0.975             0.463        204627.                0.0812            0.0214           11.                0.141           -20.259
         0.0424          110.201             1.                0.446     ]
 [       0.975             0.532        215893.                0.0871            0.293             0.                0.113           -21.623
         0.0318          101.01              4.                0.256     ]
 [       0.968             0.33         129173.                0.267             0.0249            0.                0.0643          -12.476
         0.0446           96.26              4.                0.237     ]
 [       0.916             0.372        178440.                0.265             0.0000482         4.                0.139           -12.764
         0.0883          177.421             5.                0.528     ]
 [       0.949             0.513        270253.                0.0738            0.000108          5.                0.11            -18.472
         0.0634          135.514             4.                0.346     ]
 [       0.965             0.586        242013.                0.251             0.00000398        9.                0.0814          -12.849
         0.0366          117.043             4.                0.312     ]
 [       0.951             0.277        211707.                0.123             0.000521          1.                0.0913          -17.654
         0.0368           85.58              4.                0.163     ]
 [       0.925             0.226        231240.                0.266             0.0012            9.                0.374           -13.615
         0.054            64.207             3.                0.122     ]
 [       0.937             0.333        221613.                0.189             0.000143          8.                0.133           -13.516
         0.0553           92.451             4.                0.166     ]
 [       0.0206            0.731        225284.                0.711             0.0000411         8.                0.122            -5.963
         0.0507          112.012             4.                0.327     ]
 [       0.0011            0.595        423500.                0.906             0.661             5.                0.112            -5.664
         0.0705          121.983             4.                0.0467    ]
 [       0.00929           0.9          379361.                0.725             0.0487            5.                0.164            -7.787
         0.165           121.984             4.                0.423     ]
 [       0.00019           0.465        284052.                0.837             0.491             8.                0.603            -5.705
         0.0554          172.997             4.                0.0345    ]
 [       0.00714           0.763        289789.                0.743             0.67              6.                0.133            -7.778
         0.0498          123.995             4.                0.131     ]
 [       0.274             0.643        287799.                0.861             0.00157           7.                0.239            -5.701
         0.0988          121.96              4.                0.392     ]
 [       0.00747           0.737        316721.                0.795             0.00157           5.                0.0369           -5.579
         0.0446          122.008             4.                0.244     ]
 [       0.0000287         0.773        396022.                0.704             0.374             8.                0.0873           -6.138
         0.106           128.019             4.                0.733     ]]
